M! W·

(11111111 Amo 1181. 11. 11111111 111 111111 ni 3111111 111, qum
31111111 incr· 3111 1111111111 111111111ἱί ponium, 11111 11111111 11111111 11
113111113111111111 6. gradum 11311.

1111111111 W& 11111 Epistola 111 D. 111111 in 11111111011111
11111 1177. 11111111111111111,’“) 11 1111111111 11111111 meix trajemim
1111113111. Vnd 11111111 111 11111111, 111 latitudo Μὴ 31111111 toy bey
811119 3111, 1111111111 111111111111111111111111111 1111 dmm
111111 0111111111 111 1111111111, 11 mig 111 111111 Anno 161111, 111 gum
11111111111111111 11111111113111111111111 111 1111111111 doeh 11111
11111 1111111111111111111111111111111111, 11111131. Dua 1111 su· 11·
servata 11 1111111111, Tycham, 11111111 mmmmm 111 111 1111·
7131 11111111. weil 11111111131111111 01111111 3111111 ²¹9 311111-
311111 11 1111111181111, 11 11111111 111 1111 11111111 1111111 lum
duorum 1111111, 11111111111 113111111111 ’1, 111 1111111111 11111, 111111
nrm 1111111111 hahet, 111 111 11111111111. Nu 111 111 conec 1111111111
1111 111 1111111 31111111. posita trajectione 1111111111 1111111111.

1111111 1111111 vom 11. in 16. Octobris 31111111111119.3111111
, 11111111 in 111 19. Ι1311111, 1131111111113111,111 vad 11111 mim ,
so 11111 nach 1111111111111 vom 8. 1111 24. 3111, ,1131111 1111 1113 3111,
111 111 1111 1111 11113111 11 11131, 111 hie 1111 trajectio 111 Eram ιιι·
11111111 31111111 111 1111111311 11111 111 311111 111 11131 111 1111111111.
11111 111 111 9. Octobris 11101111111111111 111111 1111111111 111111311111
(111 1111 11 1111111111 011111131111), 11111111 1111 111 15. omia
1111111111 bey 11131113 3111 1113 11111111111 111 1111111113 1111111-
111,1111111 111111 111111111111 11111111111111 111111131111 111 Go-
111111 311111111111111 01111111 1111111111 quadrato 81111.

811111 dem 1111, 11111111 1111111111111113111111111 haben 1131-
1111111111 11 locum quadratum, 11111111 1111 10. 8311. 111 19 81111. vn-
31111111111111111 1111111131 auch 1111 1111111111111111111.11111111111
3111111111 111 5 grad 1111 8111111111 1111111111 111 1111111111 ms ehad
111111 1111111111, 111 11111 111 81111111 3111111 1111111. 1111111111111·
1 pm 1111111111111111111111111111111111111111111111111111111, vore 11111111
1111311, 111 boch 111 (lomet 1111111111, 1111111111 11111 mn 1111 111
dimum 11111 zu 111, 11 er wider 11111111 worden. Vnd 11111 mig.
1111111, 11 11111 durch 111 sphaeram 1111111 11111 111 η111111Τ1111111 hin,
111 wider durch sphaeram Martis, 11111111 111111 11111 1111 311 11131111-
11111 Saturni 3111111111 1111. wolte 111 jhm 111111 vute! 11111111, 11
1111 1111 1111111111 1111111 111111 1111111 sich, 111 1111111111 311 in 111
weng, wie hievor 111Β111 vom 81111 3111111111 11 1111111 1111111 schm
3111311 werden.

1111111111 1111 1111111111 1111131 1111111111 3111111113 17 31., 111
11 1111111111111 11111 311111, 111 111 11 11 11111111111111 1111111111
11131, 111 11111111111 113 111111111 ad 3111111 111Ιί111111 weil 111111 flu
11111111 11119 3111 septentrionalis 3111111, 11111 1111131111 1111111111111
111 111113 11111 11111111 1113 1111111. 111111901111111 1111111111 m
11111 1111111111 111 113111 Ρ1111111,111111111311111 8111111131 111111 1111
1111111111 111111111111111111111111111111111111111931.1111111111111·
111. 'So 1111 111 zu 111113 11111 11111111 (quae expuncto 1111111111 uon·

111 eodem 1111 11111111) 11131111 3111111 3111111,11 11111 1111311111
111111111111 bey 111 11111311111111 11111111 hey 11111111111.11

 

