1 u·- 11111. 111

1111111111111123.111111,1111111111 26.11111101’11.111Δ11
gibt. Ob 111 wohl 111 11111 11111111 grona 111111 vill, 111111 1111111111
&aa νιί11111111111013111 11111, 111 dieze 1111111 111 23. 3111111, 111
11 1111111111 1111111111 1111 vmb 1111111 grad gosafflt 1111. 011 27. 1111
1111111111 worden, wandemioh‘en gegeben, 1111 an 111111 11111 1111111111,
111 1111111111111111111111111111 111111 111111, 1111111 se 11 Θ. 011
28. 1111 111Π11Θ. 1111 29. bey Δ &Q 1111111. 11111 11111, 1111111
11111.

Dan 2. 1111111111 111 11111111 2 aspecto 111 1111111111 819 (weil
111 111111111111111 opposito 11111111) 111Δ1111, 11 111111 111111
1111111111 1111111111 111 1111111111 1111111, zum 111111, 111 111Η1111111
mr 1111111111, aber 111 boden 111 3113111111 1111111111111111111111
1111111 11111111111, ob 111 1111111131 11116 11 11111111 11111 111-
holten. 011 3. 11111, 11111 11111111111111 11111111 4. 5. 111111111111
mit rogen, 11 ,111111 11111 3111111111, 111 111 >k ό Θ 3111111. 6. 7. 11111

’ 11111111, 111 111 Souna 11111111 1111 worden. 811111111111111111

rugen, vogen 0011 Ω, >k Θ 11. 011 9. 10. 1111111113 remig, 11 Q 11
seb, [111. 011 11. 12. 11111, 11111111 13. 14. regen, (11 *Θό 3111111.
15. 161111 rogalia, 1111111 in 1111111116. 1111117. 1121111111·
dign 111111, 111111 vnd 11111 1111, 111 111 1911111111111111111 Uo* 11.
8111111 111 11111111111111 aspect 1111111, 11 bekrefftigung 1111111 111·
11111 gnomen regen 1111 1111111111 1111111 11116 11111111111111, 111111
natur 111, vor 111 1111 zu 1111111111 1111111 11 1111111111, vie 111111 111
Prognostica vorgmgt 0112511111, 1111111111, bey 00¹9, 111 26.
Donnes bey όΘῤ (111 11111111 gibtsie 11111 111 fraer). Den 27. 28.
23. 111111111111111111, grossor 11111, 1111111111 1111111111 11116
111 11111 wider gana worden (die reohnung 111 111 1111111111 111 11117.
, 11111111111111111)111111111111 in 811111Δ611111111,11111111
- 111 1111111111, 11111 1111 111 111116 111111, 1111111111 111 1111111. 1111
, 111 11111 11111111 1111 mit 1111 11111111 111111 1111111111, 11111111
Μ ³1< 111111111111 1111111. Dan 11 111 31. 11111911ΔΘ61111111

1111111111 ward 1111 111 1111 1111 1111111, wagan 111 vorge·
118111 Δ Θ 6. Der 3. gab 011111 111 9111111111 bey 8 Θ 11, 1111111·
1111 11111311 1111111 1. 1111 in 5, weil 1111111 111 81111 1111111111,
1111111111 etna 1111111, 111 (111 11111111 gibt. Von 5. 11 811111111111111
11111, 1111111111 *111 1111111, auch Ω 111 6. 7. in 11111 111[]1
11111111, 11111111111111 gegeben, 1111111 8. in 9. 311111 in 111111,
da 111 Observationes diesen 1111111111 bd 111111, 1111111 11111111111111,
nit regenbogen. 97111 1111111 1111111 0οΘ11 111 >k 96. 011 10. 11.
111. 11111, 11111111 12. 13. 111·[]911 gorognet, 13. 14. 15. guez 11111
1111111. 16. 17. 18. 19. 1111111111 111 111 11111111. 0111111 1611
[1111111911 19. in ΔΒ 111111. 20. 21. 22. 11111. 01122.
11111111, 1111, 111113, 11122. 23. 24. wind, regen mit 811111111, 11 1
1111111111 [111 31111111. 25. 26. 1111 111 11111111 regen, 11 ῼ vom
91 <5 in Δ1111111111. 27. 28. 1111 windig 111 1111111 11111111, 111
111 27. 111111 111110· 111111 111 observatione) 111 1111111111 1111111111,
wie 1111111 1111111111 11111 3111111, 1111 18. 1111111 etwas 11111111.
89. 11111. 3011111 11111, 11111311] [11111.

- za 111111111111115.11111811111111111111 111111 111 1111111111

 

