1666661666 ff m

9. 11666666. arey, 666 16. 1611666166. (666, deamvi arey, 166 ffl-
69. 11666666 6666, 666 1411616666. 6666. .
16666666 gibt 66 im Martio 66616 666666666666511616111666.
6669. 6661666166 66661666, 66623. 6116 66166, 6166 6666 666 24. 25
Aprilis 6666 661611166. 1166 6611 vom 16. 16611 6166 66 6661 6666 1166616
1616 6666616666 666611661111, 6666666661666 66166666 24. 25. 616 666·
1666116 86116 6116616. 66 mag vmb 666 17. 6611 seminatum 116, 66623.
666616616111616 iiii, 666 27. 666616616111661 119 6661666 gegeben 666666
Vnd 666 166 666 18. 20. (16166666611666666666666 6666666666 1666616
6161166666 zu haben, 66 616 6116661666 stili 6616, oder 6666 616 66616116- ·
rahe vervrsachen 661166. 1116 6161666 661666666111166616166 6666 66166666

, 66169. 666 16161. 66 66 ieet 161 666 46666166, daun nur 666 16616

6166161166 11Θ, 666 666 13. 616 6661666166 159. 11666. 7. Aug. 16166611,
6666661666116619666616611661666666 1516. 17. 666661Ιί66 666 bi·
66166166 ii

16661661. 16, 6611661 einer, 66 66666 616 661 6111666 ’1166 ernon·
661, 66 161 abor 616616 6666166161. 66 66 daran schneyen oder 666666 66666.
6616661, 6666616166, 6666 dem Himmel 611616 1116661 66 6166 61661 6666111
cirea, 6666 es 161661 666 (16611166 materialiter 611666 11166661, 6666666
6666 666 uidem weit, 666 6666666161 611666 616 Astrologi„ 61666 666 den
1166166666, 66 6111 er von 66616666 Sotion 6666 11611666 66666111 116611161-
661 611616 6666666661 616616 616 666 6616166 der (1616666666 66116 diem
6166666 weit, 666616 666 1666616661, dise 616 6611116161 666 616 661 vui
iindei. Nun 166 666 66661666 6616Ρ666661661166 166166. Danu 616 ja·
66611666 6666666666 666 1116666666 66 1666616 vnd 16661666 6116 611
611616 vom 11166661 region, siebat jhren 66666666116666 66666666, 616 66
616 61666666 6611661661. Soli 66 aber 66666 61661 6666, 6666616 66116-
16666 6666666 66 61616666161661, nnn 666 6616666 Tagen 66 6111666 666661

166 66166 6666116666 vom 1116111666 28. April 6166 17. May 1111
661166 6666 66666, 6666166666 666 661666116611666 666161666666 666
dem 1116166666, 616 616616161666, 6666 66 666616161166 zu 616666161666- ‚
zeii 6611666 (16616666 noch 6161 866666 661, 666666 616 winde, 6666 616
6666616666] werden, pflegen 161166 noyn: 1116 666616 161 61666, 6666 66
sich 6666666 1661, 616 66116 der 616616 66666666166661666616661661166
66666 6616, 666 6166 1116711666 sich 61116666 6166666 6166166, domii 6666

der April 6166 16661666 (166 19. viel 6666616 hat, 6166161161661 1166666666 .

16 (16666666 mit 6111116666 116666 661 66661666 166666 werdon, 6666 66
hernach 6166 zu 6661 Aprilis 666661161166666661666. wana ioh aber·
611616, welches 6666 616666 heyden 666666666 611666, 1116616166 6616661161
116666 (1666611 666666. 616 6616 66616661, 1666 es 6666 66666 666166-
66161. 66 66116161 im Mayen 66666 16116 111616 666 616 66666666661 1611
116666661166 661666. 06 aber 66666 6166 66666166, 66161 doeh 6166 66-

6166, 6666 666 1161166 61666 6661166616 6616666661666666116666666166· -

6666 6666666616 666 61611 6661166666 werde.

Gieiches zu 66666 66163. 6166 m 15. 16611, 6666661166 666 12. 19.
14. 16611. Es 166 viel 116666 geben, 66 166 6666 666 ingentium 1111661
660616ιῦ66696161866661166 geben, 6666 dom 666 1166166166 noyn vird. 61111 wiri 66
·11 1181666111616661 161 61661 zu 6616161666, 666 66166, 66 nug noch 616-

’ maizu 6666666116166616666666. 11666 166 66 66611166 66116, 666 1166616

 

