482 Prognostica

Α 1199199199 991 Endon zusammen, 991 nomnen 11999 Kopff 991 919 genium

ffirhaben 1199999, 991999 auch 1999991199 mit 11919991991993999911991 39-
99991199 Η991 9991, 99 man 91191999919919991991.

Derohalben vnd 9911 119 Ρ199119 1911 werden 911199, 91911 99 999999· ᾗ
919199993 199399, 199 81911 9999999999 199 191, 9119 99999199 nus 1999 9939 ,
9999999. Μ999199 memet, ey 9ο 911199 9191 99999199, 9911999999 am ’
Η911191199,.199911 er 9911 199 Ν91119ΙΙ 191919 39199199 werde: 191 aber ι
1199199 zn 111913, blind von 193191, 991 999191919199919191911, (199 er 1
9199 hierdnrch Fenr 199 Stro 1931 Ε9 919 199999 99 991919 9191 9939- ι
99999111911199, 191 1919911919, 919 99 1193893119 mnu· 9999111399 ¹

991 991991999199 9919119, 99 119119 99 199991119199919991999.

Es sey nnn ein 119199199199911119119111, 99 19199 9119 Ρ919919199 ι
9199 Η99999191199 9991991191 9119199139, 991919 399999 99191991919811119 1
9919911999 19199, mit 39919999 1119199 999999199, 199 9191199919931191- 1
119199 19913993 im 11991999 991 19911199 919119119999139191199199999,9199 ¹

vnbesunnen 991 999999191113 werden: 9199 19931919199 999199 stin-nemen,
119 9199 0999919 1919111191 999191991999999999191·,1999 9991191199 mayn

9191199 99 denen Orthen, 991 bey denen 11191919, 19 99999 99199 91199 1
199113, 991 999199Ιί91 wo 119 09999919 99991 399999 11991911 191. 9199399999 ἐ

8919113191, 99 919 911 919 9991991991939111999 baben, 919119139199.

Η19 191991 99 999 911 9191 9911999, 999 9199 1919 1919 mnino. 11999
191 919119199 9913991999 Partheyen 91919 (91 191 99199 199191919199
9111919 im Kopff 1919) 9191 99991399 mir einen 9991999 casnm 11991991, oder
919139 Μ9993919939999399999999 999199919199999, 919 919 Medicus 99
1199 91931, 199 man 9191 99911 99999 zu 119999 991119 3999919 9991191399

89191999 9199 019 111199 9911, 199199191199191, 9919199 9999191119· ,

999191 99 znm 1199119119ηὰ 1199991191139991919999919. nnn 1991999991
191 911919 1199, 199 919 conjunctio Martis 991 199 899999 199 wider, 99199

99191999 Τ9919911991 39991191 91911, im 1919111399 11991999, 9911199991 199 ’

119999 9191 conjunctiones im Stier 3999199199, heyden 9191911199, 991 199
wir Exempla 19199, 919 99 199 19931919199 9999191191991199119 99119

9939939999 919 Anno 1525 im Β999991ι193, Anno 1565 im Mdnrlfflmchen
99191991, 1104 19 1193991.

War 191 99, 199 99199 199 19111399 constellation 199 119999 ’191 19919 1
9991 9911199991 jetzo 999 193 zu 193 je mehr 991 mehr 1991199199 09199199 3

9999191999 991 9991119399, 119 919119 3919 191991199. 0199 91199991911139 1

’ 991999991Ιί919 Cometen, 9199 999 9911991199 9919191919919 seyen, 119 in
919999 1939911191 'wider 999991919199, 199 1999 191 119 19 119199111993
nemen, 9919199 1991911919 Η199991 199999, 919 mir 199 91999, bennun.

Wan 9199 919 9991199 comet 999 11199991 991199 9999191999, 1191 919
Erdbidem 99991399 991119, 1999 99919 99 99119919, 199 9991 'nir 1111191931
99199 199 Ρ91111919 119 1919919999 99119199.

19991113139, 9999ιεί19919, 9199 99991 9991139 1111111199 1911119 *anf
6. Febr„ 5. 2011199111, 1. 0. Maij, 111. 18. Sept„ 11091, 1. 8. 16.
28. Novemb.

· Den 13. Jan. 399911911 099199911919919 91 1199119119 10. 11, wolone
9911 9919 191 1191999999 zu macheu, 1999 119 0911911199 91111 dm 39-
991191199. Dum 19131199 23. 919 quadratus 8919991 91 1199119, 19931191 nn
9199911111131911, da 9993 man sich 9999 99 199 8911911 11199. ·

1199 199 10. Febr„ 30. 11111991 10. 1199. 9991111119 81191111Ὧ19ή

 

