11 161661. , 161 ’

Keppler: Es 161 1611 6116161666 worden 166 1661666 opponentem
666 166 D. 1166116 6666 666 werten abnemen (Nec moror) 166 1111 1611 611
6166, 666 61 611 affeetu 1161666116111 16166 mag. Verstehe weitter‚ Eo
166 1161611161 1661166166 6111666 sein. Nomlich 6166, 666 616616111666 16·
61166166 616 ,66666111666166661116666166“ an 6161161661 6611161 1611166616,
166 6666161 16666161 6616 astrologo etwas einbilde. 11666 6166 hab 161
16166 616166 0116666166 6666161661166 1616111 616 16166 6666611161 aues
6661 18.1161666Τ166111116611.8661161660616616 6661 1596. 1661111166.
,Danu 6166616116161111166116166116616611661,166 61 diesem Cometen
1116611161 soll 16116666166166 166611611661666161 16 6611161 1616661161
666 666 6116661666 66666611616666 160416 16111161 6611161 61616611
Er, 616 06166166 111661661556, 1580166 1604 16166 116 beso'ndere be-
666166166 16161111666 seyen 6111616616661 666 616 generalia 16 116166

D 8661161611 6166 16616 6611 Κ6111616. 161 161 611 6161 anno
1596, 6666616 2016111616116661111661 man soll 666 160466166, weil
der (1661616666 1580. 616 6611111666]Ι 16 1666 66616661166166161666 6666
1583. 6616166161666, 166 66616666 conjunctionis 6161666 66661604. 111-
geeilet: 1166 1161 161 666616 616666 61661666 1166666, 6666 666 66661604.
aller dieser 666166, 616 20 Jahr 16161 6616166166, 166 16116666 241611
6661 66116 16161666 661166, 6166 16166166 catastrophe 166 666661161 6616
. werde. 11661611161166116616611666666616116616, 666 66 6661 616 8661
16616166 166.
, Keppler: 1116 zusamenhaltung 666 (1611161666 66661580.1666661666116-
6616 1661661661 6666 1583. 1601. 1666 16116 66161 wart-h 1161166, 1611 es
161 616 1611161 artificiose conjectandi, 11666 66 66166 1616 8661 61616166
11661 6161116 1666666 616 1616666666 201611 6111 11166 16661161166, 66
. auch die 1611661116 24 16111 1611 666 111166 1161161 6666161 6666 aues
eingebung, enthusiaetioe? 11661 wie 1661111661 81616 6666 1604. 1161161.
161 6666 661 061661 6666 1580. 6616 Vorlaoffer 166 lohannes 1611661, 6661
16116661616166166166666,66661604.161661666161816161686161166
leuchten? Weil 66 6666 6116116616 161161, 66 halt 161, 666 616 Astrologi
1.6611 1166116 divino instinctu getriben worden, 66111 166 anno 1604. 16
661161166.

11116611611116 Astrologi 1161666 661 16116166 66161 116 611666
11166616, 16166166 661 11111661 will mich 1161166 611 161 666616661166666

. haben.

Keppler: Hiermit 161 Gottlob 16661 1661161 811611 1611116166, 166
161 16661166666, 1161611 611 16611.

D 11661161866611116116666161661 1616111 sein 6666611161 616 66
161 6161666, 661 161 6661 61661 bin

Keppler: 1161Η611116616166161666611, 6616116161661161611
16166161. schreibt 6661 66661 616 jeder 6611616166 jiihrlich einen 06166661,
166 16661 1161 1666666 6111161 1161166,16661 auch gar fluohen: 166611611
1166 6616611 616116. Warurnb 116116 11116666 6161 61661 161611666116611
1611161166, 666 6666166616166611161166 661666 111666616116161616661161-
111616 66166166 1111611611 66 1616161111166 161 611166 6661 661161161166
16661161 166661661 16 der 16661.

Vnrl 6166116161, 666161 6666611161 (1611161166, 166 16161 ’1666661 6616
sollo, 666 6661 bey 61616611 1611611166 616 6611616116 6661 161 werden soll:
6111611 1616 66116 gebracht, 666 6661611 6661 616 astrologi sich in 66661-

811

 

